500
1 0 15 468.9 29.8 5.4 36.8 2.63 5 0 3 2 4 5 5 7 3.00 0 50.00 1 60.00 14 15.00 11 30.00
2 0 5 449.8 26.1 41.6 22.8 4.12 4 0 2 4 5 5 5 200.00 30 60.00 4 50.00 27 25.00 25 20.00
3 0 10 639.6 24.0 43.1 43.7 2.64 2 0 5 5 13 2.00 6 1.00 7 2.00 23 10.00 9 40.00
4 0 10 656.7 25.4 84.5 27.5 1.38 4 1 0 6 5 5 21 60.00 3 150.00 31 1.00 24 30.00 28 10.00
5 0 15 314.7 17.1 12.3 24.1 2.79 6 1 0 2 6 4 5 5 32 180.00 0 60.00 8 50.00 23 15.00 17 40.00
6 0 5 449.5 24.1 34.1 26.9 3.46 3 0 2 5 5 5 180.00 4 80.00 28 15.00 25 15.00 33 20.00
7 1 25 587.1 62.9 30.6 23.4 4.39 3 2 4 5 6 2 180.00 34 70.00 10 100.00 16 60.00 23 15.00 18 10.00
8 1 12 591.0 15.1 51.1 40.4 3.71 5 1 0 2 6 5 6 26 150.00 35 80.00 9 80.00 6 1.00 23 15.00 36 1.00
9 1 10 434.9 43.2 48.2 7.7 2.88 2 4 5 5 37 130.00 38 2.00 39 40.00 9 50.00 5 30.00
10 1 20 412.1 16.0 62.2 11.9 2.34 5 1 0 2 6 5 6 40 160.00 20 80.00 8 70.00 17 50.00 9 60.00 23 10.00
11 1 20 470.7 22.1 43.5 24.2 2.25 2 0 5 6 22 90.00 41 120.00 12 60.00 18 10.00 23 10.00 0 40.00
12 1 15 841.7 50.7 60.5 47.8 4.86 2 4 5 6 42 150.00 38 2.00 6 1.00 39 50.00 9 60.00 23 10.00
13 2 30 789.3 47.7 51.5 43.1 7.68 3 2 4 5 6 43 200.00 44 180.00 10 120.00 14 20.00 18 15.00 36 1.00
14 2 25 613.1 52.6 33.1 31.8 4.62 4 2 6 4 5 6 15 180.00 20 80.00 8 80.00 17 60.00 29 20.00 18 10.00
15 2 30 924.0 77.1 35.8 51.3 4.39 2 4 5 6 2 180.00 22 90.00 45 60.00 46 35.00 18 15.00 14 15.00
16 2 35 457.8 16.3 65.7 16.1 2.17 5 1 0 2 6 5 7 47 120.00 16 80.00 48 120.00 17 60.00 9 80.00 18 15.00 23 15.00
17 2 20 516.5 61.5 15.1 24.8 7.18 5 3 2 4 7 5 6 49 200.00 50 180.00 9 80.00 18 15.00 14 20.00 46 25.00
18 2 25 454.9 25.5 49.0 20.6 4.03 4 1 0 6 5 7 32 200.00 19 80.00 1 80.00 10 100.00 29 25.00 25 15.00 23 10.00
19 3 3 299.4 9.3 31.8 17.9 1.03 5 1 0 2 6 5 2 51 1.00 24 35.00
20 3 5 440.4 19.4 51.4 20.3 2.01 3 0 2 5 5 31 1.00 3 180.00 5 80.00 27 20.00 25 10.00
21 3 8 241.8 16.7 3.1 18.1 1.08 5 0 3 2 4 5 3 7 1.00 11 40.00 35 60.00
22 3 4 258.6 5.3 20.0 19.9 2.22 4 1 0 2 5 3 4 100.00 33 30.00 25 10.00
23 0 6 1009.3 70.8 47.0 62.1 6.16 4 0 2 4 5 5 46 170.00 30 70.00 4 50.00 27 25.00 25 25.00
24 2 35 718.5 43.5 44.4 40.5 7.11 3 2 4 5 6 43 180.00 44 140.00 10 135.00 14 20.00 18 15.00 36 1.00
25 0 21 555.5 34.8 5.5 44.0 2.87 5 0 3 2 4 5 5 7 4.00 0 45.00 1 60.00 14 20.00 11 25.00
26 1 21 442.8 23.0 46.5 19.8 2.31 2 0 5 6 22 95.00 41 120.00 12 55.00 18 10.00 33 10.00 0 45.00
27 1 22 765.4 42.3 102.8 24.4 3.88 2 4 5 6 42 120.00 38 2.00 31 2.00 39 45.00 9 70.00 23 10.00
28 1 24 384.3 15.3 56.5 11.9 2.65 5 1 0 2 6 5 6 40 130.00 20 75.00 8 85.00 17 55.00 0 70.00 23 10.00
29 1 20 413.5 15.8 62.7 11.9 2.37 5 1 0 2 6 5 6 40 155.00 20 85.00 8 75.00 17 50.00 9 60.00 23 10.00
30 3 5 466.6 7.6 25.1 41.6 1.97 4 1 0 2 5 3 6 1.00 33 30.00 25 10.00
31 0 16 289.3 14.4 12.4 22.2 2.66 6 1 0 2 6 4 5 5 32 140.00 0 75.00 8 55.00 23 15.00 17 40.00
32 2 32 789.5 45.8 47.8 45.8 7.46 3 2 4 5 6 43 190.00 44 150.00 10 130.00 14 25.00 18 20.00 36 1.00
33 0 14 496.7 28.1 34.1 30.6 3.80 3 0 2 5 5 5 220.00 4 80.00 28 10.00 25 15.00 33 25.00
34 3 12 266.6 5.5 22.0 19.9 2.60 4 1 0 2 5 3 4 125.00 33 30.00 25 10.00
35 2 27 492.2 28.3 51.7 22.5 4.27 4 1 0 6 5 7 32 240.00 19 90.00 1 80.00 10 90.00 29 20.00 25 15.00 23 10.00
36 1 11 244.2 34.7 17.9 3.5 2.21 2 4 5 5 37 105.00 13 1.00 39 35.00 9 45.00 5 30.00
37 0 5 639.6 24.0 43.1 43.7 2.64 2 0 5 5 13 2.00 6 1.00 7 2.00 23 10.00 9 40.00
38 3 10 358.2 11.8 33.8 22.9 1.11 5 1 0 2 6 5 2 51 1.00 24 45.00
39 2 25 644.4 57.1 30.2 35.0 4.70 4 2 6 4 5 6 15 200.00 20 80.00 35 85.00 17 50.00 29 15.00 18 10.00
40 2 39 996.4 91.3 36.1 52.4 5.06 2 4 5 6 2 225.00 22 90.00 45 70.00 46 35.00 18 15.00 14 10.00
41 0 2 503.8 26.6 24.3 36.6 3.27 3 0 2 5 5 5 160.00 4 75.00 28 15.00 24 15.00 33 25.00
42 2 30 431.4 19.3 67.4 11.1 2.54 5 1 0 2 6 5 7 47 135.00 1 60.00 48 145.00 17 50.00 9 65.00 18 20.00 23 10.00
43 3 3 653.0 28.7 50.5 40.2 2.24 3 0 2 5 5 31 1.00 3 180.00 11 65.00 27 25.00 25 10.00
44 0 6 441.9 21.2 31.9 28.3 2.98 3 0 2 5 5 5 145.00 4 60.00 28 15.00 25 15.00 33 25.00
45 0 8 640.5 24.0 43.3 43.7 2.67 2 0 5 5 13 2.00 6 1.00 7 2.00 23 10.00 9 45.00
46 3 0 299.4 9.3 31.8 17.9 1.03 5 1 0 2 6 5 2 51 1.00 24 35.00
47 2 19 537.9 58.1 14.9 28.9 7.10 5 3 2 4 7 5 6 49 185.00 50 210.00 9 95.00 18 10.00 14 25.00 46 25.00
48 2 28 686.2 58.3 38.0 35.3 5.01 4 2 6 4 5 6 15 200.00 20 100.00 8 70.00 17 70.00 29 20.00 18 10.00
49 1 15 512.4 24.8 46.3 26.3 2.29 2 0 5 6 22 105.00 41 95.00 12 70.00 18 10.00 23 10.00 0 40.00
50 2 37 441.7 16.2 62.2 16.1 2.39 5 1 0 2 6 5 7 47 100.00 10 70.00 48 140.00 17 55.00 9 95.00 18 15.00 23 15.00
51 2 29 601.5 53.7 27.2 32.7 4.88 4 2 6 4 5 6 15 185.00 20 70.00 8 80.00 50 65.00 29 20.00 18 10.00
52 3 9 257.0 5.3 19.7 19.8 2.15 4 1 0 2 5 3 4 95.00 33 30.00 25 10.00
53 1 15 833.0 49.4 60.5 47.4 4.79 2 4 5 6 42 145.00 38 2.00 6 1.00 39 55.00 9 55.00 23 10.00
54 1 29 613.9 68.8 29.7 23.9 4.66 3 2 4 5 6 2 200.00 34 60.00 10 105.00 16 70.00 23 15.00 18 10.00
55 1 11 602.2 13.2 45.4 44.9 3.56 5 1 0 2 6 5 6 26 125.00 35 60.00 9 80.00 6 1.00 23 20.00 36 1.00
56 3 17 261.9 18.0 3.1 19.7 1.14 5 0 3 2 4 5 3 7 1.00 11 45.00 35 60.00
57 1 16 524.3 25.3 48.7 26.4 2.36 2 0 5 6 22 110.00 41 105.00 12 70.00 18 10.00 23 10.00 0 40.00
58 0 17 337.9 19.8 12.8 25.5 3.09 6 1 0 2 6 4 5 5 32 210.00 0 75.00 8 40.00 23 15.00 17 40.00
59 2 18 520.9 60.7 17.2 24.8 7.16 5 3 2 4 7 5 6 49 195.00 50 175.00 9 95.00 18 20.00 14 20.00 46 25.00
60 1 35 498.4 54.8 29.7 17.5 3.87 3 2 4 5 6 2 155.00 34 75.00 10 85.00 16 50.00 23 10.00 18 10.00
61 1 21 402.9 14.9 60.9 11.9 2.35 5 1 0 2 6 5 6 40 140.00 20 90.00 8 75.00 17 50.00 9 65.00 23 10.00
62 2 34 630.0 53.4 34.2 32.7 4.79 4 2 6 4 5 6 15 185.00 20 85.00 8 95.00 17 70.00 29 15.00 48 10.00
63 0 15 510.5 18.6 59.3 25.1 1.83 4 1 0 6 5 5 34 65.00 3 165.00 31 1.00 24 30.00 28 10.00
64 3 1 665.5 14.0 50.7 48.5 2.15 3 0 2 5 5 31 1.00 3 155.00 45 85.00 27 25.00 25 10.00
65 0 2 464.7 24.1 38.2 26.9 3.52 3 0 2 5 5 5 180.00 4 80.00 28 15.00 25 20.00 33 20.00
66 2 31 425.8 15.1 58.9 16.0 1.99 5 1 0 2 6 5 7 47 115.00 16 75.00 48 95.00 17 50.00 9 75.00 18 15.00 23 15.00
67 2 39 970.2 72.3 33.2 60.1 4.33 2 4 5 6 2 165.00 22 80.00 45 75.00 46 35.00 18 15.00 14 20.00
68 2 29 540.3 45.2 33.2 26.7 4.19 4 2 6 4 5 6 15 150.00 20 75.00 8 90.00 17 65.00 29 25.00 18 10.00
69 2 32 782.9 64.1 30.3 44.1 3.77 2 4 5 6 2 180.00 22 70.00 45 65.00 3 40.00 18 15.00 14 15.00
70 0 18 750.6 29.5 96.0 31.4 1.49 4 1 0 6 5 5 21 75.00 3 160.00 31 1.00 24 35.00 28 10.00
71 2 43 414.6 18.6 73.4 7.2 2.27 5 1 0 2 6 5 7 47 105.00 16 80.00 48 115.00 17 75.00 9 80.00 18 20.00 28 20.00
72 1 19 467.0 21.7 45.3 23.3 2.40 2 0 5 6 22 90.00 41 140.00 12 55.00 18 10.00 23 10.00 0 50.00
73 2 32 985.4 77.2 34.7 58.8 4.53 2 4 5 6 2 180.00 22 80.00 45 70.00 46 35.00 18 20.00 14 20.00
74 3 13 328.8 10.5 32.8 20.4 1.07 5 1 0 2 6 5 2 51 1.00 24 40.00
75 2 35 889.8 58.6 58.8 45.6 9.14 3 2 4 5 6 43 250.00 44 205.00 10 130.00 14 15.00 18 20.00 36 1.00
76 0 7 606.7 23.4 78.4 25.3 1.40 4 1 0 6 5 5 21 50.00 3 180.00 31 1.00 24 25.00 28 10.00
77 2 40 554.6 19.6 75.7 21.2 2.52 5 1 0 2 6 5 7 47 150.00 16 75.00 48 130.00 17 65.00 9 95.00 18 20.00 23 20.00
78 3 10 241.8 16.7 3.1 18.1 1.08 5 0 3 2 4 5 3 7 1.00 11 40.00 35 60.00
79 3 6 282.8 19.3 3.4 21.4 1.22 5 0 3 2 4 5 3 7 1.00 11 50.00 35 65.00
80 3 4 242.6 16.8 3.3 18.1 1.10 5 0 3 2 4 5 3 7 1.00 11 40.00 35 65.00
81 1 27 1364.7 19.2 27.9 133.5 3.27 2 0 5 6 22 70.00 23 110.00 12 60.00 18 10.00 23 10.00 0 45.00
82 3 5 527.6 18.7 74.9 21.0 3.15 3 0 2 5 5 51 2.00 3 215.00 5 65.00 27 20.00 25 10.00
83 0 14 640.5 24.0 43.3 43.7 2.67 2 0 5 5 13 2.00 6 1.00 7 2.00 23 10.00 9 45.00
84 1 28 601.5 70.7 23.6 24.1 4.59 3 2 4 5 6 2 210.00 34 55.00 10 95.00 16 55.00 23 15.00 35 10.00
85 0 19 601.2 38.0 6.5 47.4 3.27 5 0 3 2 4 5 5 7 4.00 0 55.00 1 75.00 14 20.00 11 35.00
86 1 11 617.7 16.7 55.4 40.9 3.72 5 1 0 2 6 5 6 26 175.00 35 70.00 9 70.00 6 1.00 23 15.00 36 1.00
87 3 14 261.1 17.9 3.0 19.7 1.12 5 0 3 2 4 5 3 7 1.00 11 45.00 35 55.00
88 0 21 342.1 19.8 13.3 25.7 3.03 6 1 0 2 6 4 5 5 32 215.00 0 55.00 8 50.00 23 15.00 17 45.00
89 2 25 581.0 73.3 15.9 26.5 8.36 5 3 2 4 7 5 6 49 240.00 50 210.00 9 70.00 18 15.00 14 20.00 46 30.00
90 0 16 729.2 28.4 94.3 30.2 1.39 4 1 0 6 5 5 21 75.00 3 125.00 31 1.00 24 35.00 28 10.00
91 0 16 600.7 25.7 47.5 36.8 2.68 2 0 5 5 13 2.00 6 1.00 7 2.00 28 10.00 9 45.00
92 0 14 462.0 16.3 53.7 23.2 1.54 4 1 0 6 5 5 34 50.00 3 115.00 31 1.00 24 30.00 28 10.00
93 3 6 199.3 14.1 2.4 14.7 0.88 5 0 3 2 4 5 3 7 1.00 11 30.00 35 45.00
94 0 18 709.8 27.5 91.0 29.9 1.37 4 1 0 6 5 5 21 70.00 3 125.00 31 1.00 24 35.00 28 10.00
95 3 13 328.8 10.5 32.8 20.4 1.07 5 1 0 2 6 5 2 51 1.00 24 40.00
96 3 11 376.5 12.5 50.8 16.1 1.49 3 0 2 5 5 31 1.00 3 160.00 3 90.00 27 15.00 25 10.00
97 2 20 430.6 23.7 45.9 19.8 3.67 4 1 0 6 5 7 32 185.00 19 75.00 1 70.00 10 80.00 29 30.00 25 15.00 23 10.00
98 0 6 431.6 23.7 46.7 19.6 4.32 4 0 2 4 5 5 5 185.00 30 75.00 4 55.00 27 20.00 25 25.00
99 1 12 661.6 16.6 55.7 45.8 3.96 5 1 0 2 6 5 6 26 170.00 35 90.00 9 85.00 6 1.00 23 20.00 36 1.00
100 0 9 600.1 26.1 63.4 29.4 1.02 4 1 0 6 5 5 21 70.00 3 120.00 9 1.00 24 35.00 28 10.00
101 2 29 673.1 41.4 28.2 45.6 4.05 4 2 6 4 5 6 15 145.00 20 65.00 8 80.00 17 55.00 23 20.00 18 10.00
102 2 27 958.4 88.3 29.7 52.5 4.87 2 4 5 6 2 220.00 22 70.00 45 60.00 46 35.00 18 15.00 14 15.00
103 0 14 655.2 23.9 47.3 43.8 3.12 2 0 5 5 13 2.00 6 1.00 7 2.00 23 10.00 30 40.00
104 2 31 947.4 81.1 30.0 54.7 4.60 2 4 5 6 2 190.00 22 70.00 45 65.00 46 40.00 18 15.00 14 15.00
105 2 24 682.5 62.0 29.4 37.6 5.24 4 2 6 4 5 6 15 215.00 20 75.00 39 95.00 17 55.00 29 20.00 18 10.00
106 3 3 313.3 8.4 13.0 28.1 1.98 4 1 0 2 5 3 4 80.00 33 35.00 24 10.00
107 2 21 454.6 25.6 47.7 21.0 3.91 4 1 0 6 5 7 32 210.00 19 80.00 1 75.00 10 80.00 29 25.00 25 15.00 23 10.00
108 1 26 374.4 14.4 54.8 11.7 2.17 5 1 0 2 6 5 6 40 145.00 20 65.00 8 70.00 17 40.00 9 60.00 23 10.00
109 0 5 625.1 23.9 80.3 26.5 1.30 4 1 0 6 5 5 21 55.00 3 130.00 31 1.00 24 30.00 28 10.00
110 3 4 308.3 16.0 22.9 18.5 1.49 3 0 2 5 5 18 1.00 3 160.00 5 65.00 27 20.00 25 10.00
111 3 -2 270.0 8.0 30.8 15.4 0.99 5 1 0 2 6 5 2 51 1.00 24 30.00
112 0 6 646.8 23.9 44.9 43.7 2.54 2 0 5 5 13 2.00 6 1.00 7 2.00 23 10.00 16 35.00
113 0 23 327.1 18.5 11.6 25.2 2.76 6 1 0 2 6 4 5 5 32 205.00 0 45.00 8 40.00 23 15.00 17 40.00
114 1 14 456.2 47.4 48.2 8.1 3.07 2 4 5 5 37 145.00 38 2.00 39 40.00 9 45.00 5 35.00
115 0 3 891.7 30.8 59.5 66.3 5.82 4 0 2 4 5 5 5 190.00 30 65.00 6 2.00 27 25.00 25 15.00
116 0 21 465.4 29.4 4.9 36.8 2.47 5 0 3 2 4 5 5 7 3.00 0 40.00 1 55.00 14 15.00 11 30.00
117 0 17 640.5 24.0 43.3 43.7 2.67 2 0 5 5 13 2.00 6 1.00 7 2.00 23 10.00 9 45.00
118 3 5 420.0 17.4 50.6 18.7 2.28 5 0 3 2 4 5 3 7 1.00 11 40.00 51 2.00
119 2 23 570.3 46.2 38.0 27.1 4.09 4 2 6 4 5 6 15 155.00 19 85.00 8 80.00 17 55.00 29 20.00 18 10.00
120 2 20 479.1 54.6 16.6 23.4 6.97 5 3 2 4 7 5 6 49 170.00 50 205.00 1 75.00 18 20.00 14 20.00 46 20.00
121 3 14 463.9 19.4 52.7 22.5 2.02 3 0 2 5 5 31 1.00 3 195.00 5 65.00 27 25.00 25 10.00
122 3 9 292.9 6.1 21.1 23.1 2.40 4 1 0 2 5 3 4 105.00 33 35.00 25 10.00
123 0 19 278.8 13.7 10.3 22.1 2.40 6 1 0 2 6 4 5 5 32 140.00 0 60.00 8 45.00 23 15.00 17 30.00
124 2 37 826.2 66.4 36.0 45.4 3.85 2 4 5 6 2 140.00 22 85.00 45 55.00 46 40.00 18 20.00 14 10.00
125 2 29 1090.0 66.8 39.3 73.4 4.26 2 4 5 6 2 185.00 22 105.00 45 70.00 14 35.00 18 15.00 14 15.00
126 0 5 617.7 25.4 86.9 23.8 3.43 4 0 2 4 5 5 5 160.00 31 2.00 4 45.00 27 30.00 25 20.00
127 1 22 651.2 55.8 47.4 27.8 4.01 2 4 5 6 42 180.00 38 2.00 16 1.00 39 55.00 9 45.00 23 10.00
128 1 27 487.3 18.7 78.4 11.9 2.15 5 1 0 2 6 5 6 40 180.00 20 85.00 48 85.00 17 60.00 9 55.00 23 10.00
129 0 23 323.5 18.9 10.9 25.1 2.97 6 1 0 2 6 4 5 5 32 200.00 0 50.00 8 50.00 23 15.00 10 35.00
130 2 19 482.3 47.7 15.1 27.3 5.96 5 3 2 4 7 5 6 49 150.00 50 165.00 9 100.00 18 15.00 14 25.00 46 20.00
131 0 9 503.0 11.9 42.7 34.6 2.12 2 0 5 5 13 2.00 6 1.00 12 2.00 23 10.00 9 50.00
132 3 1 431.8 19.4 50.4 19.8 2.00 3 0 2 5 5 31 1.00 3 150.00 5 90.00 27 20.00 25 10.00
133 2 29 637.5 56.2 30.3 34.2 4.83 4 2 6 4 5 6 15 195.00 20 70.00 8 80.00 17 55.00 29 20.00 18 10.00
134 2 36 475.7 16.1 70.4 16.1 2.23 5 1 0 2 6 5 7 47 110.00 16 100.00 48 150.00 17 60.00 9 70.00 18 15.00 23 15.00
135 3 3 416.0 18.1 49.5 19.0 1.89 3 0 2 5 5 31 1.00 3 140.00 5 80.00 27 20.00 25 10.00
136 1 15 414.5 17.4 61.4 12.0 2.65 5 1 0 2 6 5 6 40 180.00 20 70.00 8 85.00 39 40.00 9 60.00 23 10.00
137 2 24 566.1 48.8 28.7 29.9 4.25 4 2 6 4 5 6 15 170.00 20 75.00 8 75.00 17 45.00 29 15.00 44 10.00
138 0 10 261.2 15.9 13.0 18.2 2.71 6 1 0 2 6 4 5 5 32 160.00 0 70.00 8 55.00 23 10.00 17 45.00
139 0 14 497.5 11.6 42.4 34.2 2.06 2 0 5 5 13 2.00 6 1.00 5 2.00 23 10.00 9 40.00
140 0 5 594.5 22.8 77.4 24.7 1.34 4 1 0 6 5 5 21 50.00 3 160.00 31 1.00 24 25.00 28 10.00
141 3 16 123.9 11.2 4.0 7.1 0.93 5 0 3 2 4 5 3 7 1.00 5 45.00 35 55.00
142 0 0 479.2 25.6 38.7 27.6 3.64 3 0 2 5 5 5 195.00 4 80.00 28 15.00 25 20.00 33 20.00
143 2 35 672.2 37.9 46.5 37.0 5.80 3 2 4 5 6 43 155.00 44 170.00 10 110.00 14 20.00 18 15.00 16 1.00
144 0 25 305.7 15.8 12.6 23.4 2.67 6 1 0 2 6 4 5 5 32 165.00 0 55.00 8 55.00 23 15.00 17 45.00
145 3 12 203.1 14.3 3.3 14.8 1.01 5 0 3 2 4 5 3 7 1.00 11 30.00 35 70.00
146 1 21 640.9 70.9 32.6 24.5 4.79 3 2 4 5 6 2 205.00 34 85.00 10 90.00 16 55.00 23 15.00 18 10.00
147 3 11 259.6 17.9 2.6 19.7 1.07 5 0 3 2 4 5 3 7 1.00 11 45.00 35 45.00
148 0 20 685.0 26.8 83.7 30.7 1.50 4 1 0 6 5 5 21 55.00 3 180.00 31 1.00 24 35.00 28 10.00
149 2 40 501.5 18.8 74.0 16.1 2.25 5 1 0 2 6 5 7 47 145.00 16 80.00 48 140.00 17 65.00 9 65.00 18 15.00 23 15.00
150 0 19 657.5 25.3 81.5 29.2 1.36 4 1 0 6 5 5 21 55.00 3 135.00 31 1.00 24 35.00 28 10.00
151 0 2 470.3 28.6 46.0 22.1 4.43 4 0 2 4 5 5 5 235.00 30 55.00 4 60.00 27 20.00 25 25.00
152 3 13 264.6 5.6 21.2 19.7 1.00 4 1 0 2 5 3 17 95.00 33 30.00 25 10.00
153 0 14 410.2 21.7 41.1 20.6 3.87 4 0 2 4 5 5 5 155.00 30 70.00 4 45.00 27 25.00 25 20.00
154 1 10 831.5 49.3 60.2 47.4 4.72 2 4 5 6 42 145.00 38 2.00 6 1.00 39 45.00 9 55.00 23 10.00
155 0 15 416.8 25.4 34.4 22.4 3.37 3 0 2 5 5 5 180.00 4 95.00 28 10.00 25 15.00 24 20.00
156 1 30 552.5 51.0 26.9 26.8 3.76 3 2 4 5 6 2 145.00 34 55.00 10 85.00 16 65.00 23 20.00 18 10.00
157 3 10 390.5 11.6 48.8 20.1 1.60 4 1 0 2 5 3 18 110.00 33 30.00 25 10.00
158 2 19 434.1 51.4 13.7 20.6 5.93 5 3 2 4 7 5 6 49 160.00 50 155.00 9 65.00 18 15.00 14 15.00 46 25.00
159 3 2 444.0 20.0 51.3 20.4 2.06 3 0 2 5 5 31 1.00 3 170.00 5 90.00 27 20.00 25 10.00
160 0 15 331.6 18.4 13.8 24.8 2.98 6 1 0 2 6 4 5 5 32 195.00 0 60.00 8 55.00 23 15.00 17 50.00
161 0 19 312.5 16.4 12.3 24.0 2.74 6 1 0 2 6 4 5 5 32 180.00 39 70.00 8 60.00 23 15.00 17 35.00
162 0 10 400.0 21.0 30.5 21.7 1.39 2 0 5 5 13 2.00 17 1.00 7 2.00 23 10.00 9 40.00
163 3 -1 261.8 5.4 20.8 19.9 2.37 4 1 0 2 5 3 4 110.00 33 30.00 25 10.00
164 0 5 639.6 24.0 43.1 43.7 2.64 2 0 5 5 13 2.00 6 1.00 7 2.00 23 10.00 9 40.00
165 2 35 455.7 16.5 65.0 16.1 2.21 5 1 0 2 6 5 7 47 125.00 16 85.00 48 110.00 17 50.00 9 90.00 18 15.00 23 15.00
166 2 37 895.7 74.5 31.1 51.5 4.28 2 4 5 6 2 180.00 22 75.00 45 65.00 46 30.00 18 15.00 14 15.00
167 0 19 454.9 55.3 8.1 21.5 3.67 6 1 0 2 6 4 5 5 2 170.00 0 60.00 8 45.00 23 15.00 17 35.00
168 2 39 735.9 45.4 35.6 46.4 10.26 3 2 4 5 6 43 190.00 4 220.00 10 145.00 14 25.00 18 20.00 36 1.00
169 2 39 411.5 15.8 65.7 11.1 2.58 5 1 0 2 6 5 7 47 120.00 16 65.00 48 115.00 17 60.00 4 70.00 18 15.00 23 10.00
170 2 26 484.3 29.3 49.7 22.4 4.59 4 1 0 6 5 7 32 235.00 19 75.00 1 95.00 10 110.00 29 30.00 25 15.00 23 10.00
171 1 14 818.0 46.8 60.9 46.7 4.70 2 4 5 6 42 135.00 38 2.00 6 1.00 39 50.00 9 70.00 23 10.00
172 0 17 658.6 25.7 82.9 28.3 1.47 4 1 0 6 5 5 21 55.00 3 185.00 31 1.00 24 30.00 28 10.00
173 2 25 465.1 50.3 13.7 24.6 5.86 5 3 2 4 7 5 6 49 155.00 50 145.00 9 75.00 18 15.00 14 20.00 46 25.00
174 3 15 477.6 21.8 54.0 22.3 2.23 3 0 2 5 5 31 1.00 3 225.00 5 90.00 27 20.00 25 10.00
175 3 1 240.6 6.8 29.8 12.9 0.95 5 1 0 2 6 5 2 51 1.00 24 25.00
176 2 27 598.9 49.3 37.9 29.4 4.54 4 2 6 4 5 6 15 165.00 20 95.00 8 95.00 17 65.00 29 20.00 18 10.00
177 0 7 480.3 27.2 43.1 25.3 4.29 4 0 2 4 5 5 5 200.00 30 60.00 4 55.00 27 30.00 25 20.00
178 0 13 469.3 30.5 36.9 25.0 4.09 4 0 2 4 5 5 5 245.00 30 50.00 4 40.00 27 25.00 25 15.00
179 2 30 528.2 64.0 15.6 24.9 7.48 5 3 2 4 7 5 6 49 210.00 50 175.00 9 95.00 18 15.00 14 20.00 46 25.00
180 2 23 515.9 58.4 14.9 26.2 6.71 5 3 2 4 7 5 6 49 180.00 50 150.00 9 95.00 18 15.00 14 20.00 46 30.00
181 3 6 663.4 39.9 49.6 36.2 2.81 3 0 2 5 5 31 1.00 3 155.00 46 80.00 27 15.00 25 10.00
182 2 42 477.2 16.7 70.1 16.1 2.20 5 1 0 2 6 5 7 47 120.00 16 80.00 48 145.00 17 65.00 9 70.00 18 15.00 23 15.00
183 1 16 892.8 57.3 62.2 49.6 5.30 2 4 5 6 42 175.00 38 2.00 6 1.00 8 55.00 9 55.00 23 10.00
184 2 27 500.5 29.0 52.5 22.8 4.28 4 1 0 6 5 7 32 245.00 19 90.00 1 65.00 10 105.00 29 25.00 25 15.00 23 10.00
185 0 5 453.5 26.1 38.2 24.8 4.01 4 0 2 4 5 5 5 190.00 30 65.00 4 40.00 27 30.00 25 15.00
186 2 22 728.4 63.7 35.8 38.7 5.41 4 2 6 4 5 6 15 220.00 20 95.00 8 80.00 17 50.00 29 25.00 18 10.00
187 3 8 198.6 11.7 3.1 15.7 0.90 5 0 3 2 4 5 3 14 1.00 11 45.00 35 70.00
188 0 10 508.6 30.3 43.8 26.7 3.74 4 0 2 4 5 5 5 230.00 30 50.00 16 55.00 27 30.00 25 20.00
189 1 20 387.5 20.1 34.7 20.7 3.23 5 1 0 2 6 5 6 32 200.00 20 80.00 8 70.00 17 60.00 9 70.00 23 10.00
190 2 35 942.2 84.5 32.3 51.1 4.64 2 4 5 6 2 160.00 22 75.00 45 65.00 46 40.00 18 15.00 7 2.00
191 0 15 585.9 22.0 79.8 22.4 2.86 2 0 5 5 13 2.00 51 2.00 7 2.00 23 10.00 9 35.00
192 1 24 422.9 16.8 64.8 11.9 3.15 5 1 0 2 6 5 6 40 180.00 20 60.00 8 75.00 30 55.00 9 45.00 23 10.00
193 0 18 667.2 26.2 87.2 27.1 1.25 4 1 0 6 5 5 21 70.00 3 135.00 31 1.00 24 25.00 24 10.00
194 2 31 495.2 28.6 53.8 22.0 4.55 4 1 0 6 5 7 32 225.00 19 90.00 1 95.00 10 115.00 29 25.00 25 15.00 23 10.00
195 0 11 726.0 24.1 66.4 44.0 3.15 2 0 5 5 13 2.00 6 1.00 7 2.00 23 10.00 51 1.00
196 3 12 299.4 9.3 31.8 17.9 1.03 5 1 0 2 6 5 2 51 1.00 24 35.00
197 0 16 301.1 17.2 10.4 23.6 2.79 6 1 0 2 6 4 5 5 32 170.00 0 60.00 0 50.00 23 15.00 17 35.00
198 3 -1 270.0 8.0 30.8 15.4 0.99 5 1 0 2 6 5 2 51 1.00 24 30.00
199 0 18 641.4 24.1 43.5 43.8 2.70 2 0 5 5 13 2.00 6 1.00 7 2.00 23 10.00 9 50.00
200 1 15 594.8 46.4 48.2 25.4 3.56 2 4 5 6 42 145.00 38 2.00 16 1.00 39 40.00 9 75.00 23 10.00
201 2 32 458.3 24.7 49.7 20.7 3.77 4 1 0 6 5 7 32 205.00 19 90.00 1 70.00 10 75.00 29 20.00 25 15.00 23 10.00
202 1 7 581.0 14.5 49.2 40.3 3.54 5 1 0 2 6 5 6 26 145.00 35 65.00 9 70.00 6 1.00 23 15.00 36 1.00
203 1 13 360.2 10.0 32.6 22.8 2.42 5 1 0 2 6 5 6 26 120.00 35 85.00 9 80.00 1 1.00 23 20.00 36 1.00
204 0 10 479.1 27.2 42.8 25.3 4.27 4 0 2 4 5 5 5 200.00 30 55.00 4 60.00 27 30.00 25 20.00
205 1 12 630.0 17.3 57.9 41.0 3.96 5 1 0 2 6 5 6 26 180.00 35 100.00 9 80.00 6 1.00 23 15.00 36 1.00
206 3 15 244.1 16.8 3.6 18.1 1.16 5 0 3 2 4 5 3 7 1.00 11 40.00 35 75.00
207 2 29 444.5 58.6 14.1 18.6 7.20 5 3 2 4 7 5 6 49 220.00 50 170.00 9 70.00 18 15.00 14 20.00 5 20.00
208 0 11 1615.2 7.8 33.9 166.7 4.33 4 0 2 4 5 5 14 190.00 30 55.00 4 50.00 27 25.00 25 20.00
209 0 11 639.6 24.0 43.1 43.7 2.64 2 0 5 5 13 2.00 6 1.00 7 2.00 23 10.00 9 40.00
210 3 8 270.0 8.0 30.8 15.4 0.99 5 1 0 2 6 5 2 51 1.00 24 30.00
211 1 21 379.4 14.1 56.3 11.7 2.33 5 1 0 2 6 5 6 40 135.00 20 70.00 8 80.00 17 55.00 9 70.00 23 10.00
212 2 40 819.5 48.9 56.2 43.7 7.88 3 2 4 5 6 43 205.00 44 205.00 10 115.00 14 20.00 18 15.00 36 1.00
213 2 25 946.4 80.6 31.1 54.4 4.77 2 4 5 6 2 205.00 20 100.00 45 70.00 46 30.00 18 15.00 14 15.00
214 1 12 463.1 50.2 47.6 7.7 3.14 2 4 5 5 37 160.00 38 2.00 39 40.00 9 40.00 5 25.00
215 2 35 380.5 17.2 79.7 1.1 2.29 5 1 0 2 6 5 7 47 130.00 16 85.00 48 105.00 17 70.00 9 100.00 18 15.00 25 15.00
216 0 12 367.5 17.4 13.6 29.3 2.91 6 1 0 2 6 4 5 5 32 185.00 0 50.00 8 60.00 23 20.00 17 50.00
217 3 -1 238.3 6.2 13.5 20.0 2.40 4 1 0 2 5 3 4 115.00 33 30.00 29 10.00
218 1 33 551.9 65.2 33.5 17.9 4.42 3 2 4 5 6 2 175.00 34 55.00 10 105.00 16 75.00 27 20.00 18 10.00
219 0 15 455.2 31.4 5.8 34.5 2.77 5 0 3 2 4 5 5 7 3.00 0 45.00 1 75.00 14 10.00 11 35.00
220 0 7 615.1 23.5 82.6 24.4 1.28 4 1 0 6 5 5 21 60.00 3 130.00 31 1.00 24 25.00 28 10.00
221 1 11 834.2 49.4 60.8 47.4 4.81 2 4 5 6 42 145.00 38 2.00 6 1.00 39 45.00 9 70.00 23 10.00
222 0 18 638.7 23.9 42.9 43.7 2.61 2 0 5 5 13 2.00 6 1.00 7 2.00 23 10.00 9 35.00
223 3 4 284.2 19.3 3.8 21.4 1.27 5 0 3 2 4 5 3 7 1.00 11 50.00 35 75.00
224 1 8 612.6 21.5 62.0 36.0 4.07 5 1 0 2 6 5 6 26 180.00 35 90.00 9 85.00 6 1.00 27 20.00 36 1.00
225 0 9 411.1 19.5 30.2 26.3 2.97 3 0 2 5 5 5 135.00 4 70.00 28 10.00 25 15.00 33 25.00
226 0 4 445.2 21.7 38.4 25.7 3.55 3 0 2 5 5 5 155.00 4 95.00 28 15.00 25 20.00 33 20.00
227 0 17 637.8 23.9 42.7 43.7 2.58 2 0 5 5 13 2.00 6 1.00 7 2.00 23 10.00 9 30.00
228 1 27 461.6 24.2 47.6 20.9 2.40 2 0 5 6 22 95.00 41 135.00 12 60.00 18 10.00 33 10.00 0 40.00
229 0 9 638.7 23.9 42.9 43.7 2.61 2 0 5 5 13 2.00 6 1.00 7 2.00 23 10.00 9 35.00
230 2 28 737.1 57.2 46.9 34.6 7.72 3 2 4 5 6 43 185.00 44 145.00 10 145.00 7 2.00 18 15.00 36 1.00
231 0 12 402.1 32.9 5.5 27.8 2.60 5 0 3 2 4 5 5 7 3.00 0 40.00 1 65.00 12 15.00 11 30.00
232 2 33 431.2 24.8 43.4 20.7 3.83 4 1 0 6 5 7 32 205.00 19 65.00 1 75.00 10 80.00 29 25.00 25 15.00 23 10.00
233 1 19 441.7 18.0 67.5 12.0 2.58 5 1 0 2 6 5 6 40 185.00 20 75.00 8 85.00 17 55.00 9 60.00 23 10.00
234 1 19 451.1 18.7 69.3 12.0 2.54 5 1 0 2 6 5 6 40 195.00 20 75.00 8 75.00 17 60.00 9 55.00 23 10.00
235 1 30 429.7 16.9 65.4 12.0 2.37 5 1 0 2 6 5 6 40 170.00 20 90.00 8 70.00 17 40.00 9 55.00 23 10.00
236 3 10 299.4 9.3 31.8 17.9 1.03 5 1 0 2 6 5 2 51 1.00 24 35.00
237 1 16 893.0 58.8 60.6 49.9 5.30 2 4 5 6 42 180.00 38 2.00 6 1.00 39 40.00 9 70.00 23 10.00
238 2 32 962.3 73.7 39.4 55.7 4.34 2 4 5 6 2 160.00 22 100.00 45 70.00 46 40.00 18 15.00 14 15.00
239 1 18 411.7 38.1 48.2 7.6 2.64 2 4 5 5 37 110.00 38 2.00 39 40.00 9 50.00 5 30.00
240 2 31 459.2 28.2 44.6 22.1 4.38 4 1 0 6 5 7 32 230.00 19 75.00 1 95.00 10 100.00 29 25.00 25 10.00 23 10.00
241 0 0 580.5 25.9 23.1 45.7 3.76 3 0 2 5 5 5 190.00 4 85.00 28 15.00 23 15.00 33 25.00
242 0 19 659.4 25.6 79.9 30.0 1.45 4 1 0 6 5 5 21 50.00 3 170.00 31 1.00 24 35.00 28 10.00
243 3 8 229.1 4.6 20.1 16.6 2.27 4 1 0 2 5 3 4 110.00 33 25.00 25 10.00
244 2 35 541.1 43.8 36.3 26.0 3.94 4 2 6 4 5 6 15 145.00 20 100.00 8 65.00 17 55.00 29 20.00 18 10.00
245 0 10 537.3 23.5 59.4 24.8 0.99 4 1 0 6 5 5 21 65.00 3 145.00 16 1.00 24 25.00 28 10.00
246 1 19 546.9 12.9 43.2 39.8 2.91 5 1 0 2 6 5 6 26 125.00 35 65.00 9 80.00 6 1.00 23 15.00 35 1.00
247 0 13 281.9 12.1 4.1 25.1 1.78 5 0 3 2 4 5 5 45 3.00 0 40.00 1 65.00 14 15.00 11 35.00
248 2 32 445.8 23.8 50.2 19.9 3.83 4 1 0 6 5 7 32 185.00 19 70.00 1 65.00 10 110.00 29 25.00 25 20.00 23 10.00
249 3 7 328.8 10.5 32.8 20.4 1.07 5 1 0 2 6 5 2 51 1.00 24 40.00
250 3 12 404.5 16.7 49.2 18.4 1.79 3 0 2 5 5 31 1.00 3 145.00 5 65.00 27 20.00 25 10.00
251 2 25 517.4 43.3 31.5 25.8 3.86 4 2 6 4 5 6 15 145.00 20 75.00 8 65.00 17 65.00 29 20.00 18 10.00
252 2 45 370.1 13.8 57.2 10.9 1.86 5 1 0 2 6 5 7 47 100.00 16 75.00 48 115.00 17 45.00 9 75.00 18 10.00 23 10.00
253 2 27 307.0 20.3 37.9 9.9 2.83 4 2 6 4 5 6 32 180.00 20 90.00 8 80.00 17 50.00 29 20.00 18 10.00
254 2 31 420.3 23.4 45.6 19.0 3.92 4 1 0 6 5 7 32 165.00 19 80.00 1 90.00 10 115.00 29 25.00 25 10.00 23 10.00
255 2 28 501.5 24.0 80.4 11.8 3.22 4 1 0 6 5 7 47 155.00 19 90.00 1 80.00 10 125.00 29 20.00 25 15.00 23 10.00
256 1 23 834.2 49.4 60.8 47.4 4.81 2 4 5 6 42 145.00 38 2.00 6 1.00 39 45.00 9 70.00 23 10.00
257 0 10 281.8 19.6 26.3 12.4 2.77 3 0 2 5 5 5 150.00 4 70.00 28 15.00 25 10.00 29 20.00
258 1 28 445.8 17.1 69.2 12.1 2.54 5 1 0 2 6 5 6 40 165.00 20 100.00 8 70.00 17 60.00 9 70.00 23 10.00
259 0 12 452.3 28.6 41.1 22.1 4.28 4 0 2 4 5 5 5 235.00 30 50.00 4 60.00 27 20.00 25 20.00
260 2 38 419.8 16.9 66.8 11.1 2.12 5 1 0 2 6 5 7 47 125.00 16 70.00 48 115.00 17 60.00 9 85.00 18 20.00 23 10.00
261 1 21 902.9 60.3 60.9 50.2 5.45 2 4 5 6 42 185.00 38 2.00 6 1.00 39 55.00 9 65.00 23 10.00
262 0 15 638.7 23.9 42.9 43.7 2.61 2 0 5 5 13 2.00 6 1.00 7 2.00 23 10.00 9 35.00
263 2 20 444.2 24.3 50.3 19.1 4.04 4 1 0 6 5 7 32 165.00 19 95.00 1 90.00 10 120.00 29 30.00 25 10.00 23 10.00
264 0 13 500.6 21.8 54.8 23.5 0.89 4 1 0 6 5 5 21 60.00 3 115.00 18 1.00 24 25.00 28 10.00
265 0 12 637.8 23.9 42.7 43.7 2.58 2 0 5 5 13 2.00 6 1.00 7 2.00 23 10.00 9 30.00
266 2 20 499.8 42.8 27.6 25.7 3.81 4 2 6 4 5 6 15 145.00 20 65.00 8 70.00 17 45.00 29 20.00 18 10.00
267 1 24 534.5 22.7 48.8 28.3 2.30 2 0 5 6 22 110.00 41 115.00 11 50.00 18 10.00 23 10.00 0 45.00
268 0 10 375.1 19.2 12.1 30.3 3.06 6 1 0 2 6 4 5 5 32 205.00 0 70.00 8 40.00 23 20.00 17 35.00
269 3 14 421.5 17.9 50.4 19.3 1.89 3 0 2 5 5 31 1.00 3 165.00 5 70.00 27 20.00 25 10.00
270 1 27 622.1 72.5 26.5 24.3 4.63 3 2 4 5 6 2 215.00 34 55.00 10 80.00 16 65.00 23 15.00 18 10.00
271 1 14 411.6 37.3 48.6 7.8 2.65 2 4 5 5 37 105.00 38 2.00 39 40.00 9 55.00 5 35.00
272 1 27 591.3 65.6 28.4 23.5 4.37 3 2 4 5 6 2 190.00 34 60.00 10 95.00 17 65.00 23 15.00 18 10.00
273 2 41 532.1 17.3 72.2 21.1 2.45 5 1 0 2 6 5 7 47 125.00 16 80.00 48 150.00 17 75.00 9 95.00 18 10.00 23 20.00
274 2 32 410.6 22.7 43.6 18.9 3.79 4 1 0 6 5 7 32 165.00 19 80.00 1 100.00 10 80.00 29 25.00 25 10.00 23 10.00
275 2 23 494.6 65.0 14.9 20.8 7.46 5 3 2 4 7 5 6 49 215.00 50 180.00 9 75.00 18 15.00 14 15.00 46 25.00
276 0 7 638.7 23.9 42.9 43.7 2.61 2 0 5 5 13 2.00 6 1.00 7 2.00 23 10.00 9 35.00
277 1 16 426.2 16.1 65.3 12.1 2.39 5 1 0 2 6 5 6 40 155.00 20 100.00 8 60.00 17 45.00 9 75.00 23 10.00
278 1 23 444.2 17.8 68.4 12.1 2.40 5 1 0 2 6 5 6 40 180.00 20 90.00 8 55.00 17 55.00 9 65.00 23 10.00
279 0 2 523.5 26.4 25.9 38.4 3.41 3 0 2 5 5 5 145.00 4 90.00 28 15.00 24 20.00 33 25.00
280 1 10 464.9 50.3 48.0 7.7 3.20 2 4 5 5 37 160.00 38 2.00 39 40.00 9 50.00 5 25.00
281 1 11 736.4 43.4 60.3 38.3 4.15 2 4 5 6 37 130.00 38 2.00 6 1.00 39 55.00 9 50.00 23 10.00
282 2 40 476.5 16.6 70.1 16.1 2.23 5 1 0 2 6 5 7 47 115.00 16 65.00 48 145.00 17 70.00 9 80.00 18 20.00 23 15.00
283 1 8 616.2 17.3 65.7 36.2 4.82 5 1 0 2 6 5 6 26 180.00 30 75.00 9 95.00 6 1.00 23 10.00 36 1.00
284 2 34 900.3 56.3 57.9 48.3 8.92 3 2 4 5 6 43 240.00 44 215.00 10 135.00 14 20.00 18 10.00 36 1.00
285 3 13 299.4 9.3 31.8 17.9 1.03 5 1 0 2 6 5 2 51 1.00 24 35.00
286 1 30 633.0 73.2 27.3 24.7 4.83 3 2 4 5 6 2 215.00 34 80.00 10 85.00 16 45.00 23 15.00 0 10.00
287 0 14 370.8 30.5 6.4 25.1 2.67 5 0 3 2 4 5 5 7 3.00 0 60.00 1 65.00 3 10.00 11 30.00
288 1 7 405.7 36.1 48.5 7.7 2.59 2 4 5 5 37 100.00 38 2.00 39 45.00 9 50.00 5 35.00
289 3 -1 299.4 9.3 31.8 17.9 1.03 5 1 0 2 6 5 2 51 1.00 24 35.00
290 2 30 699.6 63.0 30.0 38.5 5.24 4 2 6 4 5 6 15 220.00 20 70.00 8 70.00 17 55.00 29 25.00 18 10.00
291 2 35 858.5 71.8 40.3 44.3 4.04 2 4 5 6 2 155.00 22 110.00 45 50.00 46 40.00 18 10.00 14 10.00
292 2 21 635.5 53.8 35.0 32.7 4.64 4 2 6 4 5 6 15 185.00 20 100.00 8 70.00 17 55.00 29 20.00 48 10.00
293 1 25 505.9 54.4 32.8 17.5 4.10 3 2 4 5 6 2 150.00 34 75.00 10 125.00 16 55.00 23 10.00 18 10.00
294 0 13 484.9 34.8 5.7 35.9 2.82 5 0 3 2 4 5 5 7 4.00 0 50.00 1 60.00 14 10.00 11 25.00
295 0 12 469.0 29.8 5.4 36.8 2.61 5 0 3 2 4 5 5 7 3.00 0 60.00 1 50.00 14 15.00 11 30.00
296 3 0 328.8 10.5 32.8 20.4 1.07 5 1 0 2 6 5 2 51 1.00 24 40.00
297 1 25 571.8 61.3 29.7 23.0 4.37 3 2 4 5 6 2 175.00 34 55.00 10 120.00 16 70.00 23 15.00 18 10.00
298 3 11 299.4 9.3 31.8 17.9 1.03 5 1 0 2 6 5 2 51 1.00 24 35.00
299 0 7 403.0 20.8 35.4 22.3 3.00 3 0 2 5 5 5 155.00 4 65.00 28 15.00 25 20.00 33 15.00
300 3 16 129.5 11.7 4.4 7.4 1.00 5 0 3 2 4 5 3 7 1.00 5 50.00 35 60.00
301 1 31 650.6 73.9 31.9 24.7 4.96 3 2 4 5 6 2 215.00 34 70.00 10 105.00 16 70.00 23 15.00 18 10.00
302 2 38 406.0 19.7 72.9 5.7 2.12 5 1 0 2 6 5 7 47 135.00 16 75.00 48 125.00 17 55.00 9 70.00 18 10.00 28 15.00
303 0 1 520.0 32.5 42.2 27.8 4.02 4 0 2 4 5 5 5 250.00 50 60.00 4 55.00 27 30.00 25 25.00
304 1 18 665.8 16.9 56.3 45.9 3.92 5 1 0 2 6 5 6 26 175.00 35 90.00 9 75.00 6 1.00 23 20.00 36 1.00
305 3 2 270.0 8.0 30.8 15.4 0.99 5 1 0 2 6 5 2 51 1.00 24 30.00
306 3 7 328.8 10.5 32.8 20.4 1.07 5 1 0 2 6 5 2 51 1.00 24 40.00
307 0 4 268.9 18.5 25.2 11.9 2.54 3 0 2 5 5 5 140.00 4 60.00 28 15.00 25 10.00 29 20.00
308 1 17 657.4 32.3 67.4 30.8 2.38 2 0 5 6 21 75.00 41 140.00 12 70.00 18 10.00 23 10.00 0 45.00
309 1 25 898.6 60.0 60.0 50.2 5.29 2 4 5 6 42 185.00 38 2.00 6 1.00 39 45.00 9 50.00 23 10.00
310 3 14 282.8 19.3 3.4 21.4 1.22 5 0 3 2 4 5 3 7 1.00 11 50.00 35 65.00
311 1 19 548.8 15.2 51.2 35.5 3.52 5 1 0 2 6 5 6 26 155.00 35 65.00 9 70.00 6 1.00 23 10.00 36 1.00
312 3 5 270.0 8.0 30.8 15.4 0.99 5 1 0 2 6 5 2 51 1.00 24 30.00
313 3 5 152.2 13.0 2.8 9.7 0.88 5 0 3 2 4 5 3 7 1.00 7 1.00 35 55.00
314 3 10 319.8 5.3 12.6 29.9 2.40 4 1 0 2 5 3 4 110.00 33 30.00 23 10.00
315 1 20 411.6 37.3 48.6 7.8 2.65 2 4 5 5 37 105.00 38 2.00 39 40.00 9 55.00 5 35.00
316 2 34 717.4 70.7 44.5 28.4 5.26 3 2 4 5 6 2 205.00 44 145.00 10 120.00 14 25.00 18 15.00 36 1.00
317 0 25 277.3 10.0 3.6 25.8 1.60 5 0 3 2 4 5 5 11 3.00 0 40.00 1 55.00 14 20.00 11 25.00
318 0 19 689.2 36.3 59.0 36.5 3.14 5 0 3 2 4 5 5 7 4.00 31 2.00 1 70.00 14 10.00 11 25.00
319 1 30 346.6 15.0 55.7 8.2 2.13 5 1 0 2 6 5 6 40 130.00 20 75.00 8 70.00 17 50.00 9 45.00 33 10.00
320 1 35 535.5 48.1 26.4 26.5 3.62 3 2 4 5 6 2 135.00 34 60.00 10 90.00 16 45.00 23 20.00 18 10.00
321 3 10 252.2 5.1 18.5 19.8 1.92 4 1 0 2 5 3 4 80.00 33 30.00 25 10.00
322 0 11 375.5 10.6 38.4 22.5 2.50 3 0 2 5 5 3 140.00 4 80.00 28 15.00 25 20.00 33 20.00
323 2 35 503.3 30.0 52.5 22.9 4.55 4 1 0 6 5 7 32 245.00 19 85.00 1 80.00 10 115.00 29 30.00 25 15.00 23 10.00
324 3 -1 270.0 8.0 30.8 15.4 0.99 5 1 0 2 6 5 2 51 1.00 24 30.00
325 2 21 575.6 72.9 22.3 22.4 8.78 5 3 2 4 7 5 6 49 240.00 8 205.00 9 85.00 18 15.00 14 15.00 46 30.00
326 0 18 360.6 17.2 13.2 28.9 2.99 6 1 0 2 6 4 5 5 32 175.00 0 75.00 8 50.00 23 20.00 17 45.00
327 1 15 477.2 21.7 47.4 23.2 2.10 2 0 5 6 22 110.00 41 95.00 12 55.00 18 10.00 23 10.00 0 35.00
328 3 3 403.5 17.6 49.9 17.4 1.87 3 0 2 5 5 31 1.00 3 175.00 5 75.00 27 15.00 25 10.00
329 0 20 734.0 27.7 93.7 31.3 1.86 4 1 0 6 5 5 21 70.00 3 170.00 31 1.00 27 35.00 28 10.00
330 0 10 411.1 24.1 35.7 21.8 3.80 4 0 2 4 5 5 5 180.00 30 50.00 4 55.00 27 25.00 25 15.00
331 1 14 380.4 13.7 43.6 18.8 2.72 5 1 0 2 6 5 6 26 170.00 35 95.00 9 95.00 16 1.00 23 15.00 36 1.00
332 0 16 352.0 20.8 13.8 26.3 3.23 6 1 0 2 6 4 5 5 32 225.00 0 60.00 8 60.00 23 15.00 17 40.00
333 2 27 938.0 87.6 34.3 48.4 4.81 2 4 5 6 2 215.00 22 85.00 45 60.00 46 35.00 18 15.00 14 10.00
334 1 16 399.9 15.7 59.7 11.8 2.30 5 1 0 2 6 5 6 40 160.00 20 65.00 8 80.00 17 60.00 9 45.00 23 10.00
335 1 10 589.0 14.9 51.1 40.3 3.82 5 1 0 2 6 5 6 26 145.00 35 95.00 9 90.00 6 1.00 23 15.00 36 1.00
336 3 14 253.8 5.2 18.9 19.8 2.00 4 1 0 2 5 3 4 85.00 33 30.00 25 10.00
337 3 0 270.0 8.0 30.8 15.4 0.99 5 1 0 2 6 5 2 51 1.00 24 30.00
338 1 23 391.4 15.1 58.4 11.8 2.36 5 1 0 2 6 5 6 40 150.00 20 65.00 8 75.00 17 60.00 9 70.00 23 10.00
339 3 18 264.1 18.1 3.7 19.7 1.22 5 0 3 2 4 5 3 7 1.00 11 45.00 35 75.00
340 0 18 296.6 15.0 12.7 22.7 2.63 6 1 0 2 6 4 5 5 32 150.00 0 70.00 8 45.00 23 15.00 17 50.00
341 2 20 683.0 60.2 32.0 36.9 5.07 4 2 6 4 5 6 15 210.00 20 80.00 8 70.00 17 55.00 29 20.00 18 10.00
342 2 25 566.1 72.7 16.1 25.1 8.44 5 3 2 4 7 5 6 49 245.00 50 210.00 9 80.00 18 15.00 14 20.00 46 25.00
343 1 12 480.8 44.4 48.3 12.5 2.94 2 4 5 5 37 120.00 38 2.00 39 45.00 9 60.00 12 30.00
344 0 8 476.5 30.6 39.8 24.6 4.27 4 0 2 4 5 5 5 235.00 30 70.00 4 50.00 24 25.00 25 15.00
345 2 35 656.5 50.2 30.1 39.6 4.58 4 2 6 4 5 6 15 170.00 20 60.00 8 90.00 17 60.00 33 15.00 18 10.00
346 3 4 291.3 6.0 20.7 23.1 2.32 4 1 0 2 5 3 4 100.00 33 35.00 25 10.00
347 1 17 428.1 16.5 65.5 12.0 2.52 5 1 0 2 6 5 6 40 160.00 20 90.00 8 80.00 17 50.00 9 70.00 23 10.00
348 1 10 568.4 13.7 47.5 40.0 3.65 5 1 0 2 6 5 6 26 130.00 35 95.00 9 75.00 6 1.00 23 15.00 36 1.00
349 2 39 543.2 18.6 73.7 21.2 2.46 5 1 0 2 6 5 7 47 140.00 16 85.00 48 145.00 17 45.00 9 95.00 18 15.00 23 20.00
350 2 24 690.8 61.8 30.6 37.7 5.38 4 2 6 4 5 6 15 215.00 20 65.00 8 100.00 17 55.00 29 25.00 18 10.00
351 1 21 420.7 19.5 36.4 22.9 1.91 2 0 5 6 22 75.00 41 95.00 12 55.00 18 10.00 23 10.00 0 30.00
352 0 12 458.5 26.6 30.8 28.1 3.60 3 0 2 5 5 5 205.00 4 80.00 28 15.00 25 10.00 33 20.00
353 2 26 558.2 48.9 27.2 29.8 4.22 4 2 6 4 5 6 15 170.00 20 60.00 8 70.00 17 55.00 29 15.00 18 10.00
354 0 19 396.1 16.6 5.1 35.2 2.17 5 0 3 2 4 5 5 7 2.00 0 55.00 1 50.00 14 20.00 45 25.00
355 0 15 506.9 28.0 40.9 28.2 2.71 3 0 2 5 5 5 210.00 48 70.00 28 15.00 25 15.00 33 20.00
356 1 15 714.3 44.7 60.6 36.1 4.36 2 4 5 6 42 125.00 38 2.00 6 1.00 39 50.00 9 50.00 29 10.00
357 0 6 688.4 26.9 88.8 28.5 1.46 4 1 0 6 5 5 21 65.00 3 170.00 31 1.00 24 30.00 28 10.00
358 3 11 229.1 4.6 20.1 16.6 2.27 4 1 0 2 5 3 4 110.00 33 25.00 25 10.00
359 0 8 675.8 26.3 83.0 30.2 1.45 4 1 0 6 5 5 21 55.00 3 165.00 31 1.00 24 35.00 28 10.00
360 3 2 255.4 5.2 19.3 19.8 2.07 4 1 0 2 5 3 4 90.00 33 30.00 25 10.00
361 2 21 546.4 65.7 15.1 26.3 7.46 5 3 2 4 7 5 6 49 210.00 50 160.00 9 90.00 18 15.00 14 20.00 46 30.00
362 1 13 951.6 48.1 61.0 61.9 5.32 2 4 5 6 15 145.00 38 2.00 6 1.00 39 60.00 9 65.00 23 10.00
363 3 0 358.2 11.8 33.8 22.9 1.11 5 1 0 2 6 5 2 51 1.00 24 45.00
364 0 6 643.7 24.8 86.6 25.2 1.34 4 1 0 6 5 5 21 65.00 3 145.00 31 1.00 24 25.00 28 10.00
365 1 20 436.0 17.9 66.2 12.0 2.56 5 1 0 2 6 5 6 40 185.00 20 75.00 8 80.00 17 40.00 9 70.00 23 10.00
366 1 27 669.4 22.9 97.7 24.1 3.77 2 0 5 6 22 110.00 41 145.00 12 55.00 51 2.00 23 10.00 0 35.00
367 2 44 504.8 15.7 67.3 21.2 3.10 5 1 0 2 6 5 7 47 115.00 16 95.00 48 100.00 17 50.00 4 90.00 18 20.00 23 20.00
368 0 4 446.6 23.0 31.9 28.1 3.33 3 0 2 5 5 5 170.00 4 75.00 28 10.00 25 15.00 33 25.00
369 2 37 404.5 13.4 55.4 15.9 1.92 5 1 0 2 6 5 7 47 95.00 16 75.00 48 95.00 17 55.00 9 75.00 18 15.00 23 15.00
370 3 6 291.3 6.0 20.7 23.1 2.32 4 1 0 2 5 3 4 100.00 33 35.00 25 10.00
371 2 45 418.5 17.1 66.3 11.1 2.21 5 1 0 2 6 5 7 47 130.00 16 85.00 48 100.00 17 70.00 9 95.00 18 15.00 23 10.00
372 2 37 419.6 13.7 58.8 15.9 1.95 5 1 0 2 6 5 7 47 95.00 16 80.00 48 105.00 17 75.00 9 60.00 18 15.00 23 15.00
373 0 5 638.7 23.9 42.9 43.7 2.61 2 0 5 5 13 2.00 6 1.00 7 2.00 23 10.00 9 35.00
374 0 14 610.9 23.5 80.5 24.8 1.34 4 1 0 6 5 5 21 55.00 3 155.00 31 1.00 24 25.00 28 10.00
375 2 30 435.5 52.7 16.1 19.3 6.52 5 3 2 4 7 5 6 49 170.00 50 195.00 9 100.00 18 15.00 14 15.00 46 20.00
376 3 8 212.6 7.0 21.7 12.8 1.97 4 1 0 2 5 3 4 110.00 24 25.00 25 10.00
377 2 23 598.2 34.0 70.2 24.2 4.09 4 1 0 6 5 7 32 185.00 21 65.00 1 95.00 10 100.00 29 30.00 25 15.00 23 10.00
378 2 28 769.7 47.5 57.5 38.4 7.71 3 2 4 5 6 43 195.00 44 205.00 10 135.00 14 15.00 18 15.00 36 1.00
379 2 40 910.5 82.6 41.8 44.3 4.54 2 4 5 6 2 195.00 22 110.00 45 50.00 46 35.00 18 15.00 14 10.00
380 2 25 516.1 70.8 14.5 20.8 7.94 5 3 2 4 7 5 6 49 240.00 50 150.00 9 85.00 18 15.00 14 15.00 46 25.00
381 2 28 553.8 59.1 27.6 24.5 6.49 5 3 2 4 7 5 6 49 190.00 17 190.00 9 90.00 18 15.00 14 20.00 46 25.00
382 3 6 454.9 20.9 52.0 21.0 2.13 3 0 2 5 5 31 1.00 3 180.00 5 95.00 27 20.00 25 10.00
383 1 30 640.4 65.5 29.3 28.6 4.51 3 2 4 5 6 2 190.00 34 65.00 10 90.00 16 65.00 23 20.00 18 10.00
384 0 14 666.7 25.8 82.2 29.7 1.41 4 1 0 6 5 5 21 55.00 3 150.00 31 1.00 24 35.00 28 10.00
385 2 29 473.7 39.9 27.7 23.9 3.62 4 2 6 4 5 6 15 135.00 20 65.00 8 75.00 17 45.00 29 15.00 18 10.00
386 3 10 277.5 4.4 9.6 26.5 1.85 4 1 0 2 5 3 4 80.00 33 25.00 23 10.00
387 2 34 934.7 78.9 38.7 50.3 4.47 2 4 5 6 2 190.00 22 100.00 45 60.00 46 30.00 18 15.00 14 15.00
388 3 9 265.0 5.4 21.6 19.9 2.52 4 1 0 2 5 3 4 120.00 33 30.00 25 10.00
389 2 31 412.7 22.2 46.7 18.3 3.80 4 1 0 6 5 7 32 150.00 19 70.00 1 85.00 10 115.00 29 30.00 25 15.00 23 10.00
390 3 4 270.0 8.0 30.8 15.4 0.99 5 1 0 2 6 5 2 51 1.00 24 30.00
391 1 23 382.1 14.0 56.8 11.8 2.12 5 1 0 2 6 5 6 40 135.00 20 85.00 8 60.00 17 40.00 9 60.00 23 10.00
392 0 19 311.8 17.6 10.6 24.5 2.67 6 1 0 2 6 4 5 5 32 190.00 0 55.00 9 45.00 23 15.00 17 35.00
393 2 43 425.1 16.8 68.0 11.1 2.06 5 1 0 2 6 5 7 47 125.00 16 75.00 48 135.00 17 55.00 9 70.00 18 15.00 23 10.00
394 2 35 447.5 25.3 48.6 20.2 4.19 4 1 0 6 5 7 32 190.00 19 75.00 1 95.00 10 110.00 29 25.00 25 15.00 23 10.00
395 2 30 468.9 29.4 44.5 23.0 4.44 4 1 0 6 5 7 32 250.00 19 60.00 1 85.00 10 95.00 29 30.00 25 15.00 23 10.00
396 2 39 881.8 56.8 51.1 48.9 8.85 3 2 4 5 6 43 245.00 44 170.00 10 120.00 14 20.00 18 20.00 36 1.00
397 2 32 439.2 15.2 62.2 16.0 2.02 5 1 0 2 6 5 7 47 110.00 16 85.00 48 110.00 17 45.00 9 65.00 18 20.00 23 15.00
398 1 33 599.1 65.9 30.1 23.6 4.55 3 2 4 5 6 2 190.00 34 60.00 10 110.00 16 70.00 23 15.00 18 10.00
399 3 4 150.3 9.2 2.7 11.6 0.72 5 0 3 2 4 5 3 3 1.00 11 35.00 35 60.00
400 0 12 440.5 22.0 36.3 25.8 3.14 3 0 2 5 5 5 160.00 4 65.00 28 15.00 25 20.00 33 20.00
401 2 22 508.2 41.1 34.7 24.2 3.84 4 2 6 4 5 6 15 135.00 20 85.00 8 80.00 17 65.00 29 20.00 18 10.00
402 1 10 791.0 42.6 60.6 45.7 4.40 2 4 5 6 42 120.00 38 2.00 6 1.00 39 40.00 9 70.00 23 10.00
403 2 41 415.0 16.5 66.0 11.1 2.08 5 1 0 2 6 5 7 47 120.00 16 65.00 48 115.00 17 70.00 9 80.00 18 20.00 23 10.00
404 0 12 535.2 35.4 4.9 41.5 2.65 5 0 3 2 4 5 5 7 4.00 0 40.00 1 45.00 14 15.00 11 30.00
405 1 21 495.5 21.0 77.2 12.1 2.49 5 1 0 2 6 5 6 40 180.00 22 95.00 8 65.00 17 50.00 9 65.00 23 10.00
406 0 7 708.6 27.7 89.1 30.5 1.45 4 1 0 6 5 5 21 65.00 3 155.00 31 1.00 24 35.00 28 10.00
407 1 18 357.8 13.0 52.0 11.6 2.15 5 1 0 2 6 5 6 40 125.00 20 65.00 8 80.00 17 50.00 9 55.00 23 10.00
408 1 25 358.0 13.4 51.9 11.6 2.21 5 1 0 2 6 5 6 40 125.00 20 70.00 8 70.00 17 45.00 39 65.00 23 10.00
409 2 35 482.1 40.1 29.3 24.0 3.67 4 2 6 4 5 6 15 135.00 20 70.00 8 70.00 17 65.00 29 20.00 44 10.00
410 2 29 897.7 70.0 32.6 53.2 4.09 2 4 5 6 2 165.00 22 80.00 45 60.00 46 30.00 18 15.00 14 20.00
411 2 32 442.6 22.5 50.7 19.3 3.52 4 1 0 6 5 7 32 175.00 19 95.00 1 65.00 10 80.00 29 20.00 25 15.00 23 10.00
412 3 13 299.4 9.3 31.8 17.9 1.03 5 1 0 2 6 5 2 51 1.00 24 35.00
413 3 12 243.3 16.8 3.4 18.1 1.13 5 0 3 2 4 5 3 7 1.00 11 40.00 35 70.00
414 0 15 264.6 16.7 11.2 19.0 2.55 6 1 0 2 6 4 5 5 32 180.00 0 50.00 8 45.00 23 10.00 17 35.00
415 2 26 567.4 62.1 15.2 30.3 7.15 5 3 2 4 7 5 6 49 195.00 50 150.00 9 100.00 18 15.00 14 25.00 46 30.00
416 0 11 437.8 27.5 39.6 21.5 3.97 4 0 2 4 5 5 5 225.00 30 50.00 4 45.00 27 20.00 25 20.00
417 2 33 885.0 55.1 54.9 48.1 8.61 3 2 4 5 6 43 240.00 44 215.00 10 90.00 14 20.00 18 10.00 36 1.00
418 1 13 440.6 44.5 48.1 7.8 2.95 2 4 5 5 37 135.00 38 2.00 39 45.00 9 45.00 5 30.00
419 2 29 783.2 48.0 49.8 43.1 7.76 3 2 4 5 6 43 200.00 44 165.00 10 140.00 14 20.00 18 15.00 36 1.00
420 2 32 836.7 67.0 33.9 47.1 3.85 2 4 5 6 2 155.00 22 90.00 45 55.00 46 30.00 18 10.00 14 15.00
421 2 27 560.5 48.3 29.9 29.1 4.33 4 2 6 4 5 6 15 165.00 20 65.00 8 85.00 17 60.00 29 20.00 18 10.00
422 0 12 485.9 28.7 53.6 20.7 3.58 4 0 2 4 5 5 5 205.00 30 50.00 18 55.00 27 20.00 25 20.00
423 3 15 474.0 22.7 47.1 24.5 2.21 3 0 2 5 5 31 1.00 3 215.00 5 90.00 27 25.00 41 10.00
424 0 8 447.5 26.4 34.8 25.1 3.68 3 0 2 5 5 5 210.00 4 85.00 28 15.00 25 15.00 33 15.00
425 0 13 1048.4 55.0 27.1 82.3 4.53 3 0 2 5 5 11 195.00 4 95.00 28 15.00 25 10.00 33 20.00
426 0 13 247.5 14.4 12.4 17.4 2.48 6 1 0 2 6 4 5 5 32 145.00 0 60.00 8 55.00 23 10.00 17 45.00
427 0 18 641.4 24.1 43.5 43.8 2.70 2 0 5 5 13 2.00 6 1.00 7 2.00 23 10.00 9 50.00
428 2 18 552.2 59.4 14.1 30.2 6.73 5 3 2 4 7 5 6 49 185.00 50 140.00 9 80.00 18 15.00 14 25.00 46 30.00
429 2 23 438.8 55.7 35.3 7.1 3.75 4 2 6 4 5 6 2 160.00 20 90.00 8 95.00 17 50.00 29 20.00 18 10.00
430 2 23 468.3 58.9 14.7 20.7 6.80 5 3 2 4 7 5 6 49 190.00 50 155.00 9 90.00 18 15.00 14 15.00 46 25.00
431 2 35 570.4 28.7 53.9 30.8 4.45 4 1 0 6 5 7 32 205.00 19 85.00 1 100.00 10 95.00 27 20.00 25 15.00 23 10.00
432 1 8 283.8 42.8 18.0 4.0 2.62 2 4 5 5 37 135.00 13 1.00 39 40.00 9 40.00 5 35.00
433 1 20 568.3 59.7 30.3 23.0 4.26 3 2 4 5 6 2 170.00 34 65.00 10 105.00 16 65.00 23 15.00 18 10.00
434 0 17 638.7 23.9 42.9 43.7 2.61 2 0 5 5 13 2.00 6 1.00 7 2.00 23 10.00 9 35.00
435 2 25 777.7 51.2 49.4 41.1 8.15 3 2 4 5 6 43 215.00 44 160.00 10 150.00 14 15.00 18 15.00 36 1.00
436 1 21 652.1 74.9 30.5 24.8 4.89 3 2 4 5 6 2 220.00 34 70.00 10 85.00 16 70.00 23 15.00 18 10.00
437 1 16 857.0 53.3 60.2 48.5 4.95 2 4 5 6 42 160.00 38 2.00 6 1.00 39 45.00 9 55.00 23 10.00
438 2 21 588.5 69.0 13.0 30.3 7.60 5 3 2 4 7 5 6 49 225.00 50 140.00 50 65.00 18 15.00 14 25.00 46 30.00
439 2 33 870.4 75.7 30.8 48.1 4.24 2 4 5 6 2 185.00 22 80.00 45 55.00 46 30.00 18 10.00 14 15.00
440 2 34 480.4 27.3 53.2 21.0 4.42 4 1 0 6 5 7 32 205.00 19 90.00 1 100.00 10 105.00 29 30.00 25 15.00 23 10.00
441 3 5 270.0 8.0 30.8 15.4 0.99 5 1 0 2 6 5 2 51 1.00 24 30.00
442 3 -1 221.1 4.4 18.2 16.6 1.90 4 1 0 2 5 3 4 85.00 33 25.00 25 10.00
443 1 11 449.3 39.5 55.9 7.6 2.57 2 4 5 5 37 115.00 38 2.00 44 45.00 9 45.00 5 30.00
444 3 4 328.8 10.5 32.8 20.4 1.07 5 1 0 2 6 5 2 51 1.00 24 40.00
445 2 32 502.2 32.8 44.8 22.6 3.19 5 1 0 2 6 5 7 42 100.00 16 90.00 48 140.00 17 50.00 9 70.00 18 15.00 23 15.00
446 3 14 225.9 4.5 19.4 16.6 2.12 4 1 0 2 5 3 4 100.00 33 25.00 25 10.00
447 1 18 815.3 46.6 60.3 46.7 4.61 2 4 5 6 42 135.00 38 2.00 6 1.00 39 50.00 9 55.00 23 10.00
448 2 39 808.2 52.2 44.0 46.2 7.64 3 2 4 5 6 43 225.00 44 145.00 10 120.00 14 20.00 18 20.00 18 1.00
449 0 10 570.3 24.9 57.5 29.2 1.03 4 1 0 6 5 5 21 60.00 3 135.00 50 1.00 24 35.00 28 10.00
450 2 32 435.2 23.5 48.4 19.4 3.86 4 1 0 6 5 7 32 175.00 19 80.00 1 85.00 10 95.00 29 25.00 25 15.00 23 10.00
451 1 11 326.0 39.5 31.8 4.3 2.47 2 4 5 5 37 110.00 13 2.00 39 40.00 9 45.00 5 25.00
452 0 20 345.9 20.1 13.3 26.0 3.08 6 1 0 2 6 4 5 5 32 220.00 0 50.00 8 60.00 23 15.00 17 40.00
453 2 33 420.5 14.3 58.4 16.0 1.97 5 1 0 2 6 5 7 47 105.00 16 95.00 48 95.00 17 50.00 9 65.00 18 15.00 23 15.00
454 2 31 860.9 76.1 35.0 45.0 4.30 2 4 5 6 2 165.00 22 85.00 45 60.00 46 45.00 18 15.00 45 10.00
455 3 7 299.4 9.3 31.8 17.9 1.03 5 1 0 2 6 5 2 51 1.00 24 35.00
456 1 14 867.8 54.9 60.6 48.8 5.12 2 4 5 6 42 165.00 38 2.00 6 1.00 39 60.00 9 55.00 23 10.00
457 0 7 543.5 28.8 42.4 31.5 2.83 3 0 2 5 5 5 210.00 48 75.00 28 15.00 25 15.00 33 25.00
458 1 29 499.8 23.9 46.5 25.4 2.45 2 0 5 6 22 95.00 41 135.00 12 65.00 18 10.00 23 10.00 0 45.00
459 2 23 529.0 45.9 28.8 27.2 4.44 4 2 6 4 5 6 15 150.00 34 60.00 8 90.00 17 65.00 29 25.00 18 10.00
460 0 8 744.5 29.2 95.5 31.1 1.46 4 1 0 6 5 5 21 75.00 3 150.00 31 1.00 24 35.00 28 10.00
461 1 5 247.5 35.7 18.1 3.3 2.34 2 4 5 5 37 110.00 13 1.00 39 50.00 9 45.00 5 25.00
462 0 14 459.3 24.8 47.4 22.1 4.39 4 0 2 4 5 5 5 185.00 30 70.00 4 60.00 27 25.00 25 25.00
463 0 19 323.6 17.7 13.5 24.3 2.90 6 1 0 2 6 4 5 5 32 185.00 0 65.00 8 50.00 23 15.00 17 50.00
464 1 25 768.5 54.0 44.2 45.1 4.77 2 4 5 6 42 155.00 13 2.00 6 1.00 39 45.00 9 55.00 23 10.00
465 2 31 471.5 27.5 49.3 21.6 4.28 4 1 0 6 5 7 32 220.00 19 80.00 1 90.00 10 90.00 29 30.00 25 15.00 23 10.00
466 1 27 532.1 23.0 73.9 17.9 2.86 3 2 4 5 6 40 215.00 34 70.00 10 85.00 16 65.00 23 15.00 18 10.00
467 2 20 582.0 72.0 22.5 25.2 8.21 5 3 2 4 7 5 6 49 230.00 10 190.00 9 90.00 18 15.00 14 20.00 46 25.00
468 0 10 294.7 14.2 13.4 22.4 2.33 6 1 0 2 6 4 5 5 32 145.00 10 60.00 8 50.00 23 15.00 17 40.00
469 0 13 406.6 22.1 33.4 22.4 2.13 3 0 2 5 5 5 160.00 48 65.00 28 15.00 25 10.00 33 15.00
470 1 16 463.9 18.5 72.2 12.2 2.53 5 1 0 2 6 5 6 40 185.00 20 100.00 8 70.00 17 55.00 9 55.00 23 10.00
471 1 5 425.3 41.4 48.3 7.4 2.81 2 4 5 5 37 125.00 38 2.00 39 35.00 9 60.00 5 25.00
472 0 20 460.0 15.4 58.2 21.1 1.39 4 1 0 6 5 5 20 65.00 3 140.00 31 1.00 24 25.00 28 10.00
473 2 34 853.4 64.2 59.0 38.5 9.07 3 2 4 5 6 43 245.00 44 220.00 10 100.00 46 20.00 18 15.00 36 1.00
474 1 32 658.8 72.4 34.1 24.6 4.54 3 2 4 5 6 2 215.00 34 85.00 17 85.00 16 50.00 23 15.00 18 10.00
475 1 17 351.7 14.7 46.0 14.1 2.65 5 1 0 2 6 5 6 26 185.00 35 85.00 9 90.00 10 1.00 23 10.00 36 1.00
476 3 7 262.6 18.0 3.3 19.7 1.17 5 0 3 2 4 5 3 7 1.00 11 45.00 35 65.00
477 2 34 410.4 15.6 65.6 11.1 2.15 5 1 0 2 6 5 7 47 110.00 16 80.00 48 130.00 17 55.00 9 95.00 18 15.00 23 10.00
478 1 19 451.9 42.8 53.0 7.4 2.70 2 4 5 5 37 130.00 38 2.00 48 35.00 9 55.00 5 25.00
479 1 17 544.9 48.9 71.3 7.9 3.55 2 4 5 5 37 155.00 38 2.00 51 1.00 9 40.00 5 25.00
480 0 12 424.9 24.3 33.3 24.1 3.36 3 0 2 5 5 5 190.00 4 75.00 28 15.00 25 15.00 33 15.00
481 1 21 605.2 67.1 28.6 24.0 4.56 3 2 4 5 6 2 195.00 34 80.00 10 85.00 16 55.00 23 15.00 10 10.00
482 0 25 294.8 19.6 12.6 20.7 2.89 6 1 0 2 6 4 5 5 32 215.00 0 50.00 8 50.00 23 10.00 17 40.00
483 2 29 500.5 67.4 10.6 22.2 7.55 5 3 2 4 7 5 6 49 220.00 50 160.00 9 75.00 10 15.00 14 15.00 46 30.00
484 3 4 263.4 18.0 3.5 19.7 1.19 5 0 3 2 4 5 3 7 1.00 11 45.00 35 70.00
485 3 3 438.2 20.4 51.9 19.2 2.10 3 0 2 5 5 31 1.00 3 200.00 5 95.00 27 15.00 25 10.00
486 1 10 622.6 14.4 49.0 45.2 3.71 5 1 0 2 6 5 6 26 140.00 35 70.00 9 85.00 6 1.00 23 20.00 36 1.00
487 3 8 242.6 16.8 3.3 18.1 1.10 5 0 3 2 4 5 3 7 1.00 11 40.00 35 65.00
488 0 10 429.1 22.3 35.3 24.8 3.29 3 0 2 5 5 5 170.00 4 75.00 28 10.00 25 20.00 33 20.00
489 2 28 481.1 28.7 49.4 22.4 4.46 4 1 0 6 5 7 32 235.00 19 75.00 1 85.00 10 115.00 29 25.00 25 15.00 23 10.00
490 1 19 835.6 49.6 61.0 47.4 4.88 2 4 5 6 42 145.00 38 2.00 6 1.00 39 60.00 9 65.00 23 10.00
491 0 14 558.7 37.1 5.5 43.2 2.88 5 0 3 2 4 5 5 7 4.00 0 45.00 1 55.00 14 15.00 11 35.00
492 0 17 564.4 24.6 57.1 28.8 1.00 4 1 0 6 5 5 21 60.00 3 125.00 10 1.00 24 35.00 28 10.00
493 3 3 328.8 10.5 32.8 20.4 1.07 5 1 0 2 6 5 2 51 1.00 24 40.00
494 2 40 454.6 16.7 64.6 16.1 2.09 5 1 0 2 6 5 7 47 130.00 16 95.00 48 95.00 17 65.00 9 60.00 18 15.00 23 15.00
495 1 11 749.0 49.5 61.4 37.5 4.68 2 4 5 6 42 145.00 38 2.00 6 1.00 39 45.00 9 65.00 41 10.00
496 1 27 367.3 13.2 54.1 11.7 2.02 5 1 0 2 6 5 6 40 125.00 20 80.00 8 60.00 17 50.00 9 50.00 23 10.00
497 2 37 829.4 77.1 31.0 42.5 4.26 2 4 5 6 2 190.00 22 90.00 45 50.00 46 30.00 9 15.00 14 10.00
498 1 12 433.0 43.2 48.2 7.8 3.21 2 4 5 5 37 125.00 38 2.00 39 45.00 1 55.00 5 30.00
499 1 13 523.0 13.7 47.2 35.0 3.54 5 1 0 2 6 5 6 26 130.00 35 75.00 9 85.00 6 1.00 23 10.00 36 1.00
500 1 19 454.9 21.1 42.9 23.1 2.17 2 0 5 6 22 95.00 41 90.00 12 55.00 18 10.00 23 10.00 0 50.00
