60
1 0 15 468.9 29.8 5.4 36.8 2.63 5 0 3 2 4 5 5 7 3.00 0 50.00 1 60.00 14 15.00 11 30.00
2 0 5 449.8 26.1 41.6 22.8 4.12 4 0 2 4 5 5 5 200.00 30 60.00 4 50.00 27 25.00 25 20.00
3 0 10 639.6 24.0 43.1 43.7 2.64 2 0 5 5 13 2.00 6 1.00 7 2.00 23 10.00 9 40.00
4 0 10 656.7 25.4 84.5 27.5 1.38 4 1 0 6 5 5 21 60.00 3 150.00 31 1.00 24 30.00 28 10.00
5 0 15 314.7 17.1 12.3 24.1 2.79 6 1 0 2 6 4 5 5 32 180.00 0 60.00 8 50.00 23 15.00 17 40.00
6 0 5 449.5 24.1 34.1 26.9 3.46 3 0 2 5 5 5 180.00 4 80.00 28 15.00 25 15.00 33 20.00
7 1 25 587.1 62.9 30.6 23.4 4.39 3 2 4 5 6 2 180.00 34 70.00 10 100.00 16 60.00 23 15.00 18 10.00
8 1 12 591.0 15.1 51.1 40.4 3.71 5 1 0 2 6 5 6 26 150.00 35 80.00 9 80.00 6 1.00 23 15.00 36 1.00
9 1 10 434.9 43.2 48.2 7.7 2.88 2 4 5 5 37 130.00 38 2.00 39 40.00 9 50.00 5 30.00
10 1 20 412.1 16.0 62.2 11.9 2.34 5 1 0 2 6 5 6 40 160.00 20 80.00 8 70.00 17 50.00 9 60.00 23 10.00
11 1 20 470.7 22.1 43.5 24.2 2.25 2 0 5 6 22 90.00 41 120.00 12 60.00 18 10.00 23 10.00 0 40.00
12 1 15 841.7 50.7 60.5 47.8 4.86 2 4 5 6 42 150.00 38 2.00 6 1.00 39 50.00 9 60.00 23 10.00
13 2 30 789.3 47.7 51.5 43.1 7.68 3 2 4 5 6 43 200.00 44 180.00 10 120.00 14 20.00 18 15.00 36 1.00
14 2 25 613.1 52.6 33.1 31.8 4.62 4 2 6 4 5 6 15 180.00 20 80.00 8 80.00 17 60.00 29 20.00 18 10.00
15 2 30 924.0 77.1 35.8 51.3 4.39 2 4 5 6 2 180.00 22 90.00 45 60.00 46 35.00 18 15.00 14 15.00
16 2 35 457.8 16.3 65.7 16.1 2.17 5 1 0 2 6 5 7 47 120.00 16 80.00 48 120.00 17 60.00 9 80.00 18 15.00 23 15.00
17 2 20 516.5 61.5 15.1 24.8 7.18 5 3 2 4 7 5 6 49 200.00 50 180.00 9 80.00 18 15.00 14 20.00 46 25.00
18 2 25 454.9 25.5 49.0 20.6 4.03 4 1 0 6 5 7 32 200.00 19 80.00 1 80.00 10 100.00 29 25.00 25 15.00 23 10.00
19 3 3 299.4 9.3 31.8 17.9 1.03 5 1 0 2 6 5 2 51 1.00 24 35.00
20 3 5 440.4 19.4 51.4 20.3 2.01 3 0 2 5 5 31 1.00 3 180.00 5 80.00 27 20.00 25 10.00
21 3 8 241.8 16.7 3.1 18.1 1.08 5 0 3 2 4 5 3 7 1.00 11 40.00 35 60.00
22 3 4 258.6 5.3 20.0 19.9 2.22 4 1 0 2 5 3 4 100.00 33 30.00 25 10.00
23 3 5 220.2 15.4 2.7 16.4 0.97 5 0 3 2 4 5 3 7 1.00 11 35.00 35 50.00
24 3 -2 270.0 8.0 30.8 15.4 0.99 5 1 0 2 6 5 2 51 1.00 24 30.00
25 2 28 542.2 25.5 68.4 21.3 3.86 4 1 0 6 5 7 32 220.00 19 90.00 1 75.00 44 95.00 29 20.00 25 20.00 23 10.00
26 0 11 298.7 20.1 12.7 20.9 2.92 6 1 0 2 6 4 5 5 32 220.00 0 55.00 8 40.00 23 10.00 17 45.00
27 2 31 861.1 65.1 41.4 47.4 3.80 2 4 5 6 2 145.00 22 110.00 45 45.00 46 30.00 18 15.00 14 20.00
28 0 19 640.5 24.0 43.3 43.7 2.67 2 0 5 5 13 2.00 6 1.00 7 2.00 23 10.00 9 45.00
29 3 5 222.4 15.5 3.2 16.4 1.04 5 0 3 2 4 5 3 7 1.00 11 35.00 35 65.00
30 3 7 438.1 18.5 51.9 20.2 1.95 3 0 2 5 5 31 1.00 3 200.00 5 65.00 27 20.00 25 10.00
31 3 7 173.6 0.9 45.9 0.3 2.27 4 1 0 2 5 3 4 115.00 25 35.00 25 10.00
32 0 19 639.6 24.0 43.1 43.7 2.64 2 0 5 5 13 2.00 6 1.00 7 2.00 23 10.00 9 40.00
33 0 21 293.0 14.8 11.9 22.6 2.60 6 1 0 2 6 4 5 5 32 150.00 0 65.00 8 50.00 23 15.00 17 40.00
34 1 9 585.1 14.8 49.8 40.4 3.51 5 1 0 2 6 5 6 26 150.00 35 65.00 9 60.00 6 1.00 23 15.00 36 1.00
35 2 28 1258.4 54.2 70.0 88.3 10.20 3 2 4 5 6 43 210.00 44 175.00 10 105.00 14 20.00 6 2.00 36 1.00
36 1 18 369.2 13.9 54.2 11.7 2.32 5 1 0 2 6 5 6 40 135.00 20 60.00 8 80.00 17 55.00 9 75.00 23 10.00
37 3 8 240.3 16.7 2.7 18.1 1.03 5 0 3 2 4 5 3 7 1.00 11 40.00 35 50.00
38 2 27 503.2 28.8 53.9 22.6 4.42 4 1 0 6 5 7 32 240.00 19 95.00 1 85.00 10 100.00 29 20.00 25 15.00 23 10.00
39 0 4 478.7 30.2 40.4 24.8 4.50 4 0 2 4 5 5 5 240.00 30 75.00 4 40.00 27 25.00 25 15.00
40 0 19 350.2 17.8 9.6 29.1 3.18 6 1 0 2 6 4 5 5 32 180.00 0 60.00 8 45.00 23 20.00 1 40.00
41 2 32 780.4 50.6 50.5 41.0 8.00 3 2 4 5 6 43 215.00 44 175.00 10 120.00 14 15.00 18 15.00 36 1.00
42 3 0 328.8 10.5 32.8 20.4 1.07 5 1 0 2 6 5 2 51 1.00 24 40.00
43 0 15 357.9 20.5 33.7 18.0 3.50 4 0 2 4 5 5 5 155.00 30 50.00 4 55.00 27 20.00 25 15.00
44 1 8 587.5 14.9 50.4 40.4 3.59 5 1 0 2 6 5 6 26 150.00 35 75.00 9 65.00 6 1.00 23 15.00 36 1.00
45 3 5 221.4 7.7 15.8 16.7 2.12 4 1 0 2 5 3 1 125.00 33 25.00 25 10.00
46 1 23 609.6 60.7 27.9 28.0 4.25 3 2 4 5 6 2 175.00 34 65.00 10 90.00 16 50.00 23 20.00 18 10.00
47 0 6 468.8 26.1 69.1 12.9 4.82 4 0 2 4 5 5 5 250.00 30 70.00 4 60.00 25 30.00 25 25.00
48 2 40 712.0 39.9 42.1 42.5 6.60 3 2 4 5 6 43 165.00 44 135.00 10 115.00 14 25.00 18 15.00 36 1.00
49 0 15 301.4 15.8 12.2 23.3 3.33 6 1 0 2 6 4 5 5 32 160.00 0 75.00 8 50.00 23 15.00 4 45.00
50 0 1 352.4 23.2 23.0 20.9 3.50 4 0 2 4 5 5 5 160.00 30 50.00 4 50.00 27 25.00 29 15.00
51 3 7 475.4 20.7 53.0 23.1 2.13 3 0 2 5 5 31 1.00 3 190.00 5 80.00 27 25.00 25 10.00
52 1 8 497.6 34.9 48.4 18.6 2.71 2 4 5 5 37 105.00 38 2.00 39 40.00 9 60.00 45 35.00
53 0 10 641.4 24.1 43.5 43.8 2.70 2 0 5 5 13 2.00 6 1.00 7 2.00 23 10.00 9 50.00
54 2 29 931.5 85.9 37.0 47.2 4.78 2 4 5 6 2 200.00 22 95.00 45 75.00 46 40.00 18 10.00 3 15.00
55 1 20 472.1 48.7 51.7 7.7 3.46 2 4 5 5 37 155.00 38 2.00 30 35.00 9 45.00 5 25.00
56 1 13 408.2 37.1 47.8 7.7 2.53 2 4 5 5 37 105.00 38 2.00 39 35.00 9 40.00 5 35.00
57 0 4 465.3 24.4 31.2 29.9 3.61 3 0 2 5 5 5 175.00 4 90.00 28 15.00 25 10.00 33 25.00
58 2 31 493.1 27.4 53.4 22.2 4.07 4 1 0 6 5 7 32 235.00 19 85.00 1 65.00 10 80.00 29 25.00 25 20.00 23 10.00
59 1 25 532.1 54.0 30.3 21.7 3.78 3 2 4 5 6 2 155.00 20 55.00 10 115.00 16 70.00 23 15.00 18 10.00
60 2 32 573.9 45.3 41.4 26.3 4.11 4 2 6 4 5 6 15 150.00 19 95.00 8 90.00 17 55.00 29 20.00 18 10.00
